Variable : trk_x , Plane : 0
1.6, 4.3324, 7.3132, 11.0392, 15.7588, 21.9688, 30.166, 41.344, 58.2352, 87.0496, 135.984, 176.722, 200.568, 216.218, 227.396, 236.09, 242.796, 250

Variable : trk_x , Plane : 1
1.6, 4.084, 6.8164, 10.0456, 14.02, 18.988, 25.4464, 34.1404, 46.312, 64.942, 98.2276, 149.15, 183.677, 204.791, 218.702, 228.886, 236.835, 243.045, 250

Variable : trk_x , Plane : 2
1.6, 6.568, 13.2748, 23.2108, 39.1084, 68.1712, 130.023, 185.913, 214.23, 231.37, 250 


Variable : trk_ThetaXZ , Plane : 0
-3.2, -2.2144, -1.8816, -1.6512, -1.4336, -1.2544, -1.0752, -0.896, -0.6976, -0.416, 0.3776, 0.6976, 0.9024, 1.088, 1.2608, 1.44, 1.6576, 1.9136, 3.2

Variable : trk_ThetaXZ , Plane : 1
-3.2, -2.5536, -2.2976, -2.08, -1.888, -1.7216, -1.5168, -1.3184, -1.088, -0.8, 0.1536, 0.8576, 1.1456, 1.3568, 1.5552, 1.7536, 1.9392, 2.1376, 2.3616, 3.2 

Variable : trk_ThetaXZ , Plane : 2
-3.2, -2.3872, -1.9136, -1.3248, -0.9472, -0.6144, 0.1088, 0.672, 1.0112, 1.4144, 2.0544, 3.2 


Variable : trk_ThetaYZ , Plane : 0
-3.2, -2.1184, -1.9648, -1.8624, -1.7792, -1.7088, -1.6256, -1.5552, -1.4912, -1.4272, -1.3632, -1.3056, -1.248, -1.184, -1.12, -1.0496, -0.9664, -0.8768, -0.7616, 3.2

Variable : trk_ThetaYZ , Plane : 1
-3.2, -2.3616, -2.24, -2.1376, -2.0544, -1.984, -1.92, -1.856, -1.7984, -1.7408, -1.6832, -1.6128, -1.5488, -1.4848, -1.4208, -1.3504, -1.28, -1.1968, -1.1008, -0.9536, 3.2

Variable : trk_ThetaYZ , Plane : 2
-3.2, -2.3424, -2.1696, -2.0096, -1.8496, -1.632, -1.3504, -1.2032, -1.0752, -0.9472, -0.8128, 3.2


Variable : trk_phi , Plane : 0
-3.2, -2.496, -2.3744, -2.2912, -2.2144, -2.1376, -2.0608, -1.9776, -1.888, -1.7536, -1.4144, -1.2864, -1.184, -1.0944, -1.0176, -0.9408, -0.864, -0.7744, -0.6528, 3.2

Variable : trk_phi , Plane : 1
-3.2, -2.4896, -2.3744, -2.2912, -2.2144, -2.1376, -2.0672, -1.9904, -1.9136, -1.7984, -1.5424, -1.344, -1.2352, -1.152, -1.0816, -1.0112, -0.9408, -0.8704, -0.7872, -0.672, 3.2 

Variable : trk_phi , Plane : 2
-3.2, -2.4768, -2.3296, -2.2016, -2.0672, -1.92, -1.5168, -1.2224, -1.0688, -0.9344, -0.8, 3.2